TASK
ЗАДАЧА 1
kz0.hlp
NULL
REFERENCE
NULL
/fПереведи   Кузнечика
/fиз точки 0 в точку 7
END REFERENCE
SETUP
  1
  0
END SETUP
2
BEGIN
KZ
KZ0
@kz0.cnf
STATE
kz000
VAL=7
0
0
0
0
0
0
0
0
0
0
0
0
0
0
0
0
0
0
0
0
0
0
0
0
0
0
0
0
0
0
0
0
0
0
0
0
0
0
0
0
0
0
0
0
0
0
0
0
0
0
0
0
0
0
0
0
0
0
0
0
0
0
0
0
0
0
0
0
0
0
0
0
0
0
0
0
0
0
0
0
0
0
0
0
0
0
0
0
0
0
0
0
0
0
0
0
0
0
0
0
0
0
0
0
0
0
0
0
0
0
0
0
0
0
0
0
0
0
0
0
0
0
0
0
0
0
0
0
0
0
0
0
0
0
0
0
0
0
0
0
0
0
0
0
0
0
0
0
0
0
0
0
0
0
0
0
0
0
0
0
0
0
0
0
0
0
0
0
0
0
0
0
0
0
0
0
0
0
0
0
0
0
0
0
0
0
0
0
0
0
0
0
0
0
0
0
0
0
0
0
1
0
0
1
1
0
1
0
0
0
0
0
0
0
0
0
0
0
0
0
0
0
0
0
0
0
0
0
0
0
0
0
0
0
0
0
0
0
0
0
0
0
0
0
0
0
0
0
0
0
0
0
0
0
0
0
0
0
0
0
0
0
0
0
0
0
0
0
0
0
0
0
0
0
0
0
0
0
0
0
0
0
0
0
0
0
0
0
0
0
0
0
0
0
0
0
0
0
0
0
0
0
0
0
0
0
0
0
0
0
0
0
0
0
0
0
0
0
0
0
0
0
0
0
0
0
0
0
0
0
0
0
0
0
0
0
0
0
0
0
0
0
0
0
0
0
0
0
0
0
0
0
0
0
0
0
0
0
0
0
0
0
0
0
0
0
0
0
0
0
0
0
0
0
0
0
0
0
0
0
0
0
0
0
0
0
0
0
0
0
0
0
0
0
0
0
0
0
0
0
0
END STATE
WINDOWS
 1 52 10 25  4
 1  2  2 76  7
kzplt.hlp
kzwin.hlp
END WINDOWS
END
BEGIN
UM
БК0
@um1.cnf
STATE
FBLOCK
000000000000000000000400106D000000000400406A0100000000000000000000
0000000000000000000004003F6A
0400376A00000000
030000000000000000000400046D0400426A04000E6D0100000100010000000000
0B00000000000000000004000D6D
0000
040000000000000000000400FE6C0400106D0400026D0100000200020000000000
0B0000000000000000000400016D
0000
050000000000000000000400F86C0400046D0400FC6C0100000300030000000000
0B0000000100000000000400FB6C
0000
0600000000000000000004003C6A0400FE6C0400F66C0100000400040000000000
0B0000000000000000000400F56C
0000
010000000000000000000400376A0400F86C04003A6A0100000500050000000000
0100000001000000000000000000
020000000000000000000000000004003C6A0400356A0000000600050000000000
1500000000000000000000000000
END FBLOCK
   0
   0
   1
END STATE
WINDOWS
 1 33 10 16  5
 1  4 10 27 10
umplt.hlp
umwin.hlp
END WINDOWS
END
LINKS
БК0
1
KZ0
END LINKS
