TASK
ЗАДАЧА 6
kz0.hlp
NULL
REFERENCE
NULL
/fНапиши программу, переводящую
/fКузнечика  из точки 0 в точку
/f100, так чтобы при этом он по
/fодному разу  побывал  во всех
/fпромежуточных точках.
END REFERENCE
SETUP
  1
  0
END SETUP
2
BEGIN
KZ
KZ0
@kz0.cnf
STATE
kz000
VAL=42
0
0
0
0
0
0
0
0
0
0
0
0
0
0
0
0
0
0
0
0
0
0
0
0
0
0
0
0
0
0
0
0
0
0
0
0
0
0
0
0
0
0
0
0
0
0
0
0
0
0
0
0
0
0
0
0
0
0
0
0
0
0
0
0
0
0
0
0
0
0
0
0
0
0
0
0
0
0
0
0
0
0
0
0
0
0
0
0
0
0
0
0
0
0
0
0
0
0
0
0
0
0
0
0
0
0
0
0
0
0
0
0
0
0
0
0
0
0
0
0
0
0
0
0
0
0
0
0
0
0
0
0
0
0
0
0
0
0
0
0
0
0
0
0
0
0
0
0
0
0
0
0
0
0
0
0
0
0
0
0
0
0
0
0
0
0
0
0
0
0
0
0
0
0
0
0
0
0
0
0
0
0
0
0
0
0
0
0
0
0
0
0
0
0
0
0
0
0
0
0
1
0
0
1
0
0
1
0
0
1
0
0
1
0
0
1
0
0
1
0
0
1
0
0
1
0
0
1
0
0
1
0
0
1
0
0
1
0
0
1
0
0
0
0
0
0
0
0
0
0
0
0
0
0
0
0
0
0
0
0
0
0
0
0
0
0
0
0
0
0
0
0
0
0
0
0
0
0
0
0
0
0
0
0
0
0
0
0
0
0
0
0
0
0
0
0
0
0
0
0
0
0
0
0
0
0
0
0
0
0
0
0
0
0
0
0
0
0
0
0
0
0
0
0
0
0
0
0
0
0
0
0
0
0
0
0
0
0
0
0
0
0
0
0
0
0
0
0
0
0
0
0
0
0
0
0
0
0
0
0
0
0
0
0
0
0
0
0
0
0
0
0
0
0
0
0
0
0
0
0
0
0
0
0
0
0
0
0
0
0
0
0
0
0
0
0
0
0
0
0
0
END STATE
WINDOWS
 1 52 10 25  4
 1  2  2 76  7
kzplt.hlp
kzwin.hlp
END WINDOWS
END
BEGIN
UM
БК0
@um1.cnf
STATE
FBLOCK
000000000000000000000400506C00000000040031680100000000000000000000
000000000000000000000400EA66
0400866B00000000
0300000000000000000004004A6C04002A6804004E6C0100000100010000000000
0B00000000000000000004004D6C
0000
0400000000000000000004003E6C0400506C0400486C0100000200020000000000
0B0000000000000000000400476C
0000
050000000000000000000400386C04004A6C04003C6C0100000300030000000000
0B00000000000000000004003B6C
0000
060000000000000000000400326C04003E6C0400366C0100000400040000000000
0B0000000000000000000400356C
0000
0700000000000000000004002C6C0400386C0400306C0100000500050000000000
0B00000000000000000004002F6C
0000
080000000000000000000400266C0400326C04002A6C0100000600060000000000
0B0000000000000000000400296C
0000
090000000000000000000400206C04002C6C0400246C0100000700070000000000
0B0000000000000000000400236C
0000
0A00000000000000000004001A6C0400266C04001E6C0100000800080000000000
0B00000000000000000004001D6C
0000
0B0000000000000000000400146C0400206C0400186C0100000900090000000000
0B0000000000000000000400176C
0000
0C00000000000000000004000E6C04001A6C0400126C0100000A000A0000000000
0B0000000000000000000400116C
0000
0D0000000000000000000400086C0400146C04000C6C0100000B000B0000000000
0B00000000000000000004000B6C
0000
0E0000000000000000000400026C04000E6C0400066C0100000C000C0000000000
0B0000000000000000000400056C
0000
0F0000000000000000000400FC6B0400086C0400006C0100000D000D0000000000
0B0000000000000000000400FF6B
0000
1000000000000000000004008B6B0400026C0400FA6B0100000E000E0000000000
0B0000000000000000000400F96B
0000
010000000000000000000400866B0400FC6B0400896B0100000F000F0000000000
0100000001000000000000000000
020000000000000000000000000004008B6B0400846B00000010000F0000000000
1500000000000000000000000000
END FBLOCK
   0
   0
   1
END STATE
WINDOWS
 1 33 10 16  5
 1  4 10 27 10
umplt.hlp
umwin.hlp
END WINDOWS
END
LINKS
БК0
1
KZ0
END LINKS
