TASK
ЗАДАЧА 7
kz0.hlp
NULL
REFERENCE
NULL
/fПереведи  Кузнечика из
/fточки 0 в точку 198 за
/fминимальное количество
/f      прыжков
END REFERENCE
SETUP
  1
  0
END SETUP
2
BEGIN
UM
БК0
@um1.cnf
STATE
FBLOCK
000000000000000000000400D76A000000000400466A0100000000000000000000
000000000000000000000400296A
0400837200000000
030000000000000000000400D16A04002A6A0400D56A0100000100010000000000
0B0000000000000000000400D46A
0000
040000000000000000000400CB6A0400D76A0400CF6A0100000200020000000000
0B0000000000000000000400CE6A
0000
050000000000000000000400C56A0400D16A0400C96A0100000300030000000000
0B0000000000000000000400C86A
0000
060000000000000000000400BF6A0400CB6A0400C36A0100000400040000000000
0B0000000000000000000400C26A
0000
070000000000000000000400B96A0400C56A0400BD6A0100000500050000000000
0B0000000000000000000400BC6A
0000
080000000000000000000400B36A0400BF6A0400B76A0100000600060000000000
0B0000000000000000000400B66A
0000
090000000000000000000400AD6A0400B96A0400B16A0100000700070000000000
0B0000000000000000000400B06A
0000
0A0000000000000000000400436A0400B36A0400AB6A0100000800080000000000
0B0000000000000000000400AA6A
0000
0B0000000000000000000400246A0400AD6A0400416A0100000900090000000000
0B0000000000000000000400A96A
0000
0C00000000000000000004001E6A0400436A0400226A0100000A000A0000000000
0B0000000000000000000400216A
0000
0D0000000000000000000400186A0400246A04001C6A0100000B000B0000000000
0B00000000000000000004001B6A
0000
0E0000000000000000000400126A04001E6A0400166A0100000C000C0000000000
0B0000000000000000000400156A
0000
0F00000000000000000004000C6A0400186A0400106A0100000D000D0000000000
0B00000000000000000004000F6A
0000
100000000000000000000400066A0400126A04000A6A0100000E000E0000000000
0B0000000000000000000400096A
0000
110000000000000000000400006A04000C6A0400046A0100000F000F0000000000
0B0000000000000000000400036A
0000
120000000000000000000400C8680400066A0400FE690100001000100000000000
0B0000000000000000000400CB68
0000
130000000000000000000400BC750400006A04003F6A0100001100110000000000
0B00000000000000000004008971
0000
140000000000000000000400715E0400C868040094710100001200120000000000
0B0000000000000000000400C768
0000
150000000000000000000400B7750400BC750400BA750100001300130000000000
0B0000000000000000000400705E
0000
1600000000000000000004002A680400715E0400B5750100001400140000000000
0B0000000000000000000400105C
0000
17000000000000000000040024680400B775040028680100001500150000000000
0B00000000000000000004002768
0000
1800000000000000000004001E6804002A68040022680100001600160000000000
0B00000000000000000004002168
0000
190000000000000000000400B2750400246804001C680100001700170000000000
0B00000000000000000004001B68
0000
1A0000000000000000000400AD7504001E680400B0750100001800180000000000
0B00000000000000000004006761
0000
1B000000000000000000040038680400B2750400AB750100001900190000000000
0B00000000000000000004009A5B
0000
1C000000000000000000040032680400AD75040036680100001A001A0000000000
0B00000000000000000004003568
0000
1D0000000000000000000400E966040038680400A9750100001B001B0000000000
0B00000000000000000004003168
0000
1E0000000000000000000400A6750400326804003A580100001C001C0000000000
0B00000000000000000004003958
0000
1F00000000000000000004008E720400E9660400A4750100001D001D0000000000
0B00000001000000000004003858
0000
20000000000000000000040088720400A67504008C720100001E001E0000000000
0B00000000000000000004008B72
0000
010000000000000000000400837204008E72040086720100001F001F0000000000
0100000001000000000000000000
0200000000000000000000000000040088720400817200000020001F0000000000
1500000000000000000000000000
END FBLOCK
   0
   0
   1
END STATE
WINDOWS
 1 33 10 16  5
 1  4 10 27 10
umplt.hlp
umwin.hlp
END WINDOWS
END
BEGIN
KZ
KZ0
@kz1.cnf
STATE
kz001
VAL=198
0
0
0
0
0
0
0
0
0
0
0
0
0
0
0
0
0
0
0
0
0
0
0
0
0
0
0
0
0
0
0
0
0
0
0
0
0
0
0
0
0
0
0
0
0
0
0
0
0
0
0
0
0
0
0
0
0
0
0
0
0
0
0
0
0
0
0
0
0
0
0
0
0
0
0
0
0
0
0
0
0
0
0
0
0
0
0
0
0
0
0
0
0
0
0
0
0
0
0
0
0
0
0
0
0
0
0
0
0
0
0
0
0
0
0
0
0
0
0
0
0
0
0
0
0
0
0
0
0
0
0
0
0
0
0
0
0
0
0
0
0
0
0
0
0
0
0
0
0
0
0
0
0
0
0
0
0
0
0
0
0
0
0
0
0
0
0
0
0
0
0
0
0
0
0
0
0
0
0
0
0
0
0
0
0
0
0
0
0
0
0
0
0
0
0
0
0
0
0
0
1
0
0
0
0
0
0
1
0
0
0
0
0
0
1
0
0
0
0
0
0
1
0
0
0
0
0
0
1
0
0
0
0
0
0
1
0
0
0
0
0
0
1
0
0
0
0
0
0
1
0
0
0
0
0
0
1
0
0
0
0
0
0
1
0
0
0
0
0
0
1
0
0
0
0
0
0
1
0
0
0
0
0
0
1
0
0
0
0
0
0
1
0
0
0
0
0
0
1
0
0
0
0
0
0
1
0
0
0
0
0
0
1
0
0
0
0
0
0
1
0
0
0
0
0
0
1
0
0
0
0
0
0
1
0
0
0
0
0
0
1
0
0
0
0
0
0
1
0
0
0
0
0
0
1
0
0
0
0
0
0
1
0
0
0
0
0
0
1
0
0
0
0
0
0
1
0
0
0
0
0
0
1
0
0
0
0
0
0
1
0
1
0
0
0
0
1
0
0
0
0
END STATE
WINDOWS
 1 52 10 25  4
 1  2  2 76  7
kzplt.hlp
kzwin.hlp
END WINDOWS
END
LINKS
БК0
1
KZ0
END LINKS
